ZOHO_CLIENT_ID=1000.JXC5H8GM000DIBOO5GVRO65ZNEC2RZ
ZOHO_CLIENT_SECRET=825d4052389005758fd3198a59ddd950b8f2378bf8
ZOHO_REFRESH_TOKEN=1000.1307595ac68366cf3f4bedef9477faf3.582722d8da9e62e2a183d0d72e96d7e3
ZOHO_ORG_ID=123456789012345678

X_API_KEY=2hlpb3ODYOagdYTw2DKz65p1XBVguQJP74t362XY
AUTHORIZATION_TOKEN=d5f28fd0-0e75-45eb-91e5-fd05ac9104de
